0.000000,0.000000,0.000000,0.000000,0.000000,0.000000,0.000000,0.000000,0.000000,0.000000,0.000000,0.000000,0.000000,0.000000,0.000000,0.000000,0.000000,0.000000,0.000000,0.000000,0.000000,0.000000,0.000000,0.000000,0.000000,0.000000,0.000000,0.000000,0.000000,0.000000,0.000000,0.000000,0.000000,0.000000,0.000000,0.000000,0.000000,0.000000,0.000000,0.000000,0.000000,0.000000,0.000000,0.000000,0.000000,1.000000,0.000000,0.000000,0.000000,0.000000,0.000000,0.000000,0.000000,0.000000,1.000000,1.000000,1.000000,0.000000,0.000000,0.000000,0.000000,0.000000,0.000000,0.000000,0.000000,1.000000,0.000000,0.000000,0.000000,0.000000,0.000000,0.000000,0.000000,0.000000,0.000000,0.000000,0.000000,0.000000,0.000000,0.000000,0.000000,0.000000,0.000000,0.000000,0.000000,0.000000,0.000000,0.000000,0.000000,0.000000,0.000000,0.000000,0.000000,0.000000,0.000000,0.000000,0.000000,0.000000,0.000000,0.000000
0.000000,0.000000,0.000000,0.000000,0.000000,0.000000,0.000000,0.000000,0.000000,0.000000,0.000000,0.000000,0.000000,0.000000,0.000000,0.000000,0.000000,0.000000,0.000000,0.000000,0.000000,0.000000,0.000000,0.000000,0.000000,0.000000,0.000000,0.000000,0.000000,0.000000,0.000000,0.000000,0.000000,0.000000,0.000001,0.000997,0.000001,0.000000,0.000000,0.000000,0.000000,0.000000,0.000000,0.000001,0.001993,0.997008,0.001993,0.000001,0.000000,0.000000,0.000000,0.000000,0.000000,0.000997,0.997008,0.999994,0.997008,0.000997,0.000000,0.000000,0.000000,0.000000,0.000000,0.000001,0.001993,0.997008,0.001993,0.000001,0.000000,0.000000,0.000000,0.000000,0.000000,0.000000,0.000001,0.000997,0.000001,0.000000,0.000000,0.000000,0.000000,0.000000,0.000000,0.000000,0.000000,0.000000,0.000000,0.000000,0.000000,0.000000,0.000000,0.000000,0.000000,0.000000,0.000000,0.000000,0.000000,0.000000,0.000000,0.000000
0.000000,0.000000,0.000000,0.000000,0.000001,0.000006,0.000001,0.000000,0.000000,0.000000,0.000000,0.000000,0.000000,0.000001,0.000015,0.000120,0.000015,0.000001,0.000000,0.000000,0.000000,0.000000,0.000001,0.000030,0.000476,0.003594,0.000476,0.000030,0.000001,0.000000,0.000000,0.000001,0.000030,0.000712,0.010708,0.072731,0.010708,0.000712,0.000030,0.000001,0.000001,0.000015,0.000476,0.010708,0.144514,0.767052,0.144514,0.010708,0.000476,0.000015,0.000006,0.000120,0.003594,0.072731,0.767052,0.955249,0.767052,0.072731,0.003594,0.000120,0.000001,0.000015,0.000476,0.010708,0.144514,0.767052,0.144514,0.010708,0.000476,0.000015,0.000000,0.000001,0.000030,0.000712,0.010708,0.072731,0.010708,0.000712,0.000030,0.000001,0.000000,0.000000,0.000001,0.000030,0.000476,0.003594,0.000476,0.000030,0.000001,0.000000,0.000000,0.000000,0.000000,0.000001,0.000015,0.000120,0.000015,0.000001,0.000000,0.000000
0.000000,0.000000,0.000000,0.000002,0.000016,0.000068,0.000016,0.000002,0.000000,0.000000,0.000000,0.000000,0.000002,0.000020,0.000165,0.000684,0.000165,0.000020,0.000002,0.000000,0.000000,0.000002,0.000026,0.000327,0.002660,0.010457,0.002660,0.000327,0.000026,0.000002,0.000002,0.000020,0.000327,0.003971,0.030553,0.109462,0.030553,0.003971,0.000327,0.000020,0.000016,0.000165,0.002660,0.030553,0.213642,0.627523,0.213642,0.030553,0.002660,0.000165,0.000068,0.000684,0.010457,0.109462,0.627523,0.866928,0.627523,0.109462,0.010457,0.000684,0.000016,0.000165,0.002660,0.030553,0.213642,0.627523,0.213642,0.030553,0.002660,0.000165,0.000002,0.000020,0.000327,0.003971,0.030553,0.109462,0.030553,0.003971,0.000327,0.000020,0.000000,0.000002,0.000026,0.000327,0.002660,0.010457,0.002660,0.000327,0.000026,0.000002,0.000000,0.000000,0.000002,0.000020,0.000165,0.000684,0.000165,0.000020,0.000002,0.000000
0.000000,0.000000,0.000002,0.000014,0.000084,0.000251,0.000084,0.000014,0.000002,0.000000,0.000000,0.000001,0.000012,0.000104,0.000595,0.001718,0.000595,0.000104,0.000012,0.000001,0.000002,0.000012,0.000138,0.001169,0.006470,0.017819,0.006470,0.001169,0.000138,0.000012,0.000014,0.000104,0.001169,0.009603,0.050542,0.128849,0.050542,0.009603,0.001169,0.000104,0.000084,0.000595,0.006470,0.050542,0.244962,0.536151,0.244962,0.050542,0.006470,0.000595,0.000251,0.001718,0.017819,0.128849,0.536151,0.770985,0.536151,0.128849,0.017819,0.001718,0.000084,0.000595,0.006470,0.050542,0.244962,0.536151,0.244962,0.050542,0.006470,0.000595,0.000014,0.000104,0.001169,0.009603,0.050542,0.128849,0.050542,0.009603,0.001169,0.000104,0.000002,0.000012,0.000138,0.001169,0.006470,0.017819,0.006470,0.001169,0.000138,0.000012,0.000000,0.000001,0.000012,0.000104,0.000595,0.001718,0.000595,0.000104,0.000012,0.000001
0.000000,0.000001,0.000008,0.000057,0.000255,0.000598,0.000255,0.000057,0.000008,0.000001,0.000001,0.000005,0.000047,0.000313,0.001371,0.003125,0.001371,0.000313,0.000047,0.000005,0.000008,0.000047,0.000412,0.002657,0.011293,0.024748,0.011293,0.002657,0.000412,0.000047,0.000057,0.000313,0.002657,0.016633,0.067628,0.139246,0.067628,0.016633,0.002657,0.000313,0.000255,0.001371,0.011293,0.067628,0.256519,0.471651,0.256519,0.067628,0.011293,0.001371,0.000598,0.003125,0.024748,0.139246,0.471651,0.681677,0.471651,0.139246,0.024748,0.003125,0.000255,0.001371,0.011293,0.067628,0.256519,0.471651,0.256519,0.067628,0.011293,0.001371,0.000057,0.000313,0.002657,0.016633,0.067628,0.139246,0.067628,0.016633,0.002657,0.000313,0.000008,0.000047,0.000412,0.002657,0.011293,0.024748,0.011293,0.002657,0.000412,0.000047,0.000001,0.000005,0.000047,0.000313,0.001371,0.003125,0.001371,0.000313,0.000047,0.000005
0.000001,0.000004,0.000029,0.000156,0.000571,0.001128,0.000571,0.000156,0.000029,0.000004,0.000004,0.000018,0.000129,0.000692,0.002484,0.004805,0.002484,0.000692,0.000129,0.000018,0.000029,0.000129,0.000904,0.004737,0.016549,0.030981,0.016549,0.004737,0.000904,0.000129,0.000156,0.000692,0.004737,0.024149,0.081177,0.144698,0.081177,0.024149,0.004737,0.000692,0.000571,0.002484,0.016549,0.081177,0.257643,0.423052,0.257643,0.081177,0.016549,0.002484,0.001128,0.004805,0.030981,0.144698,0.423052,0.603555,0.423052,0.144698,0.030981,0.004805,0.000571,0.002484,0.016549,0.081177,0.257643,0.423052,0.257643,0.081177,0.016549,0.002484,0.000156,0.000692,0.004737,0.024149,0.081177,0.144698,0.081177,0.024149,0.004737,0.000692,0.000029,0.000129,0.000904,0.004737,0.016549,0.030981,0.016549,0.004737,0.000904,0.000129,0.000004,0.000018,0.000129,0.000692,0.002484,0.004805,0.002484,0.000692,0.000129,0.000018
0.000003,0.000012,0.000073,0.000337,0.001055,0.001844,0.001055,0.000337,0.000073,0.000012,0.000012,0.000047,0.000279,0.001265,0.003887,0.006674,0.003887,0.001265,0.000279,0.000047,0.000073,0.000279,0.001638,0.007275,0.021820,0.036491,0.021820,0.007275,0.001638,0.000279,0.000337,0.001265,0.007275,0.031512,0.091450,0.147239,0.091450,0.031512,0.007275,0.001265,0.001055,0.003887,0.021820,0.091450,0.253267,0.384517,0.253267,0.091450,0.021820,0.003887,0.001844,0.006674,0.036491,0.147239,0.384517,0.537050,0.384517,0.147239,0.036491,0.006674,0.001055,0.003887,0.021820,0.091450,0.253267,0.384517,0.253267,0.091450,0.021820,0.003887,0.000337,0.001265,0.007275,0.031512,0.091450,0.147239,0.091450,0.031512,0.007275,0.001265,0.000073,0.000279,0.001638,0.007275,0.021820,0.036491,0.021820,0.007275,0.001638,0.000279,0.000012,0.000047,0.000279,0.001265,0.003887,0.006674,0.003887,0.001265,0.000279,0.000047
0.000009,0.000030,0.000156,0.000624,0.001718,0.002740,0.001718,0.000624,0.000156,0.000030,0.000030,0.000100,0.000515,0.002034,0.005516,0.008669,0.005516,0.002034,0.000515,0.000100,0.000156,0.000515,0.002609,0.010113,0.026849,0.041318,0.026849,0.010113,0.002609,0.000515,0.000624,0.002034,0.010113,0.038338,0.098972,0.147950,0.098972,0.038338,0.010113,0.002034,0.001718,0.005516,0.026849,0.098972,0.246058,0.352802,0.246058,0.098972,0.026849,0.005516,0.002740,0.008669,0.041318,0.147950,0.352802,0.481032,0.352802,0.147950,0.041318,0.008669,0.001718,0.005516,0.026849,0.098972,0.246058,0.352802,0.246058,0.098972,0.026849,0.005516,0.000624,0.002034,0.010113,0.038338,0.098972,0.147950,0.098972,0.038338,0.010113,0.002034,0.000156,0.000515,0.002609,0.010113,0.026849,0.041318,0.026849,0.010113,0.002609,0.000515,0.000030,0.000100,0.000515,0.002034,0.005516,0.008669,0.005516,0.002034,0.000515,0.000100
0.000021,0.000063,0.000290,0.001030,0.002557,0.003802,0.002557,0.001030,0.000290,0.000063,0.000063,0.000188,0.000850,0.002985,0.007308,0.010742,0.007308,0.002985,0.000850,0.000188,0.000290,0.000850,0.003791,0.013106,0.031493,0.045520,0.031493,0.013106,0.003791,0.000850,0.001030,0.002985,0.013106,0.044436,0.104284,0.147448,0.104284,0.044436,0.013106,0.002985,0.002557,0.007308,0.031493,0.104284,0.237488,0.326009,0.237488,0.104284,0.031493,0.007308,0.003802,0.010742,0.045520,0.147448,0.326009,0.433931,0.326009,0.147448,0.045520,0.010742,0.002557,0.007308,0.031493,0.104284,0.237488,0.326009,0.237488,0.104284,0.031493,0.007308,0.001030,0.002985,0.013106,0.044436,0.104284,0.147448,0.104284,0.044436,0.013106,0.002985,0.000290,0.000850,0.003791,0.013106,0.031493,0.045520,0.031493,0.013106,0.003791,0.000850,0.000063,0.000188,0.000850,0.002985,0.007308,0.010742,0.007308,0.002985,0.000850,0.000188
0.000044,0.000119,0.000486,0.001564,0.003557,0.005012,0.003557,0.001564,0.000486,0.000119,0.000119,0.000318,0.001287,0.004096,0.009207,0.012852,0.009207,0.004096,0.001287,0.000318,0.000486,0.001287,0.005145,0.016134,0.035687,0.049156,0.035687,0.016134,0.005145,0.001287,0.001564,0.004096,0.016134,0.049739,0.107862,0.146112,0.107862,0.049739,0.016134,0.004096,0.003557,0.009207,0.035687,0.107862,0.228386,0.302953,0.228386,0.107862,0.035687,0.009207,0.005012,0.012852,0.049156,0.146112,0.302953,0.394208,0.302953,0.146112,0.049156,0.012852,0.003557,0.009207,0.035687,0.107862,0.228386,0.302953,0.228386,0.107862,0.035687,0.009207,0.001564,0.004096,0.016134,0.049739,0.107862,0.146112,0.107862,0.049739,0.016134,0.004096,0.000486,0.001287,0.005145,0.016134,0.035687,0.049156,0.035687,0.016134,0.005145,0.001287,0.000119,0.000318,0.001287,0.004096,0.009207,0.012852,0.009207,0.004096,0.001287,0.000318
0.000083,0.000204,0.000755,0.002225,0.004702,0.006349,0.004702,0.002225,0.000755,0.000204,0.000204,0.000498,0.001828,0.005337,0.011166,0.014967,0.011166,0.005337,0.001828,0.000498,0.000755,0.001828,0.006629,0.019106,0.039415,0.052280,0.039415,0.019106,0.006629,0.001828,0.002225,0.005337,0.019106,0.054255,0.110095,0.144194,0.110095,0.054255,0.019106,0.005337,0.004702,0.011166,0.039415,0.110095,0.219220,0.282850,0.219220,0.110095,0.039415,0.011166,0.006349,0.014967,0.052280,0.144194,0.282850,0.360517,0.282850,0.144194,0.052280,0.014967,0.004702,0.011166,0.039415,0.110095,0.219220,0.282850,0.219220,0.110095,0.039415,0.011166,0.002225,0.005337,0.019106,0.054255,0.110095,0.144194,0.110095,0.054255,0.019106,0.005337,0.000755,0.001828,0.006629,0.019106,0.039415,0.052280,0.039415,0.019106,0.006629,0.001828,0.000204,0.000498,0.001828,0.005337,0.011166,0.014967,0.011166,0.005337,0.001828,0.000498
0.000143,0.000325,0.001101,0.003008,0.005970,0.007793,0.005970,0.003008,0.001101,0.000325,0.000325,0.000734,0.002467,0.006681,0.013147,0.017063,0.013147,0.006681,0.002467,0.000734,0.001101,0.002467,0.008202,0.021959,0.042691,0.054946,0.042691,0.021959,0.008202,0.002467,0.003008,0.006681,0.021959,0.058036,0.111294,0.141870,0.111294,0.058036,0.021959,0.006681,0.005970,0.013147,0.042691,0.111294,0.210252,0.265147,0.210252,0.111294,0.042691,0.013147,0.007793,0.017063,0.054946,0.141870,0.265147,0.331740,0.265147,0.141870,0.054946,0.017063,0.005970,0.013147,0.042691,0.111294,0.210252,0.265147,0.210252,0.111294,0.042691,0.013147,0.003008,0.006681,0.021959,0.058036,0.111294,0.141870,0.111294,0.058036,0.021959,0.006681,0.001101,0.002467,0.008202,0.021959,0.042691,0.054946,0.042691,0.021959,0.008202,0.002467,0.000325,0.000734,0.002467,0.006681,0.013147,0.017063,0.013147,0.006681,0.002467,0.000734
0.000230,0.000488,0.001528,0.003902,0.007338,0.009321,0.007338,0.003902,0.001528,0.000488,0.000488,0.001029,0.003195,0.008100,0.015121,0.019118,0.015121,0.008100,0.003195,0.001029,0.001528,0.003195,0.009826,0.024651,0.045543,0.057202,0.045543,0.024651,0.009826,0.003195,0.003902,0.008100,0.024651,0.061153,0.111701,0.139270,0.111701,0.061153,0.024651,0.008100,0.007338,0.015121,0.045543,0.111701,0.201628,0.249437,0.201628,0.111701,0.045543,0.015121,0.009321,0.019118,0.057202,0.139270,0.249437,0.306974,0.249437,0.139270,0.057202,0.019118,0.007338,0.015121,0.045543,0.111701,0.201628,0.249437,0.201628,0.111701,0.045543,0.015121,0.003902,0.008100,0.024651,0.061153,0.111701,0.139270,0.111701,0.061153,0.024651,0.008100,0.001528,0.003195,0.009826,0.024651,0.045543,0.057202,0.045543,0.024651,0.009826,0.003195,0.000488,0.001029,0.003195,0.008100,0.015121,0.019118,0.015121,0.008100,0.003195,0.001029
0.000351,0.000699,0.002034,0.004895,0.008785,0.010912,0.008785,0.004895,0.002034,0.000699,0.000699,0.001384,0.004003,0.009567,0.017064,0.021117,0.017064,0.009567,0.004003,0.001384,0.002034,0.004003,0.011470,0.027157,0.048005,0.059094,0.048005,0.027157,0.011470,0.004003,0.004895,0.009567,0.027157,0.063681,0.111507,0.136490,0.111507,0.063681,0.027157,0.009567,0.008785,0.017064,0.048005,0.111507,0.193421,0.235406,0.193421,0.111507,0.048005,0.017064,0.010912,0.021117,0.059094,0.136490,0.235406,0.285496,0.235406,0.136490,0.059094,0.021117,0.008785,0.017064,0.048005,0.111507,0.193421,0.235406,0.193421,0.111507,0.048005,0.017064,0.004895,0.009567,0.027157,0.063681,0.111507,0.136490,0.111507,0.063681,0.027157,0.009567,0.002034,0.004003,0.011470,0.027157,0.048005,0.059094,0.048005,0.027157,0.011470,0.004003,0.000699,0.001384,0.004003,0.009567,0.017064,0.021117,0.017064,0.009567,0.004003,0.001384
0.000510,0.000961,0.002619,0.005972,0.010290,0.012546,0.010290,0.005972,0.002619,0.000961,0.000961,0.001802,0.004880,0.011063,0.018960,0.023048,0.018960,0.011063,0.004880,0.001802,0.002619,0.004880,0.013107,0.029468,0.050116,0.060664,0.050116,0.029468,0.013107,0.004880,0.005972,0.011063,0.029468,0.065698,0.110858,0.133602,0.110858,0.065698,0.029468,0.011063,0.010290,0.018960,0.050116,0.110858,0.185662,0.222804,0.185662,0.110858,0.050116,0.018960,0.012546,0.023048,0.060664,0.133602,0.222804,0.266731,0.222804,0.133602,0.060664,0.023048,0.010290,0.018960,0.050116,0.110858,0.185662,0.222804,0.185662,0.110858,0.050116,0.018960,0.005972,0.011063,0.029468,0.065698,0.110858,0.133602,0.110858,0.065698,0.029468,0.011063,0.002619,0.004880,0.013107,0.029468,0.050116,0.060664,0.050116,0.029468,0.013107,0.004880,0.000961,0.001802,0.004880,0.011063,0.018960,0.023048,0.018960,0.011063,0.004880,0.001802
0.000713,0.001277,0.003276,0.007119,0.011834,0.014204,0.011834,0.007119,0.003276,0.001277,0.001277,0.002279,0.005814,0.012567,0.020796,0.024902,0.020796,0.012567,0.005814,0.002279,0.003276,0.005814,0.014717,0.031581,0.051914,0.061952,0.051914,0.031581,0.014717,0.005814,0.007119,0.012567,0.031581,0.067276,0.109870,0.130661,0.109870,0.067276,0.031581,0.012567,0.011834,0.020796,0.051914,0.109870,0.178356,0.211433,0.178356,0.109870,0.051914,0.020796,0.014204,0.024902,0.061952,0.130661,0.211433,0.250219,0.211433,0.130661,0.061952,0.024902,0.011834,0.020796,0.051914,0.109870,0.178356,0.211433,0.178356,0.109870,0.051914,0.020796,0.007119,0.012567,0.031581,0.067276,0.109870,0.130661,0.109870,0.067276,0.031581,0.012567,0.003276,0.005814,0.014717,0.031581,0.051914,0.061952,0.051914,0.031581,0.014717,0.005814,0.001277,0.002279,0.005814,0.012567,0.020796,0.024902,0.020796,0.012567,0.005814,0.002279
0.000963,0.001649,0.004000,0.008321,0.013400,0.015872,0.013400,0.008321,0.004000,0.001649,0.001649,0.002814,0.006793,0.014066,0.022564,0.026674,0.022564,0.014066,0.006793,0.002814,0.004000,0.006793,0.016286,0.033501,0.053436,0.062992,0.053436,0.033501,0.016286,0.006793,0.008321,0.014066,0.033501,0.068478,0.108630,0.127710,0.108630,0.068478,0.033501,0.014066,0.013400,0.022564,0.053436,0.108630,0.171493,0.201126,0.171493,0.108630,0.053436,0.022564,0.015872,0.026674,0.062992,0.127710,0.201126,0.235593,0.201126,0.127710,0.062992,0.026674,0.013400,0.022564,0.053436,0.108630,0.171493,0.201126,0.171493,0.108630,0.053436,0.022564,0.008321,0.014066,0.033501,0.068478,0.108630,0.127710,0.108630,0.068478,0.033501,0.014066,0.004000,0.006793,0.016286,0.033501,0.053436,0.062992,0.053436,0.033501,0.016286,0.006793,0.001649,0.002814,0.006793,0.014066,0.022564,0.026674,0.022564,0.014066,0.006793,0.002814
0.001263,0.002076,0.004785,0.009564,0.014973,0.017533,0.014973,0.009564,0.004785,0.002076,0.002076,0.003404,0.007809,0.015547,0.024258,0.028360,0.024258,0.015547,0.007809,0.003404,0.004785,0.007809,0.017803,0.035237,0.054714,0.063819,0.054714,0.035237,0.017803,0.007809,0.009564,0.015547,0.035237,0.069363,0.107209,0.124778,0.107209,0.069363,0.035237,0.015547,0.014973,0.024258,0.054714,0.107209,0.165057,0.191748,0.165057,0.107209,0.054714,0.024258,0.017533,0.028360,0.063819,0.124778,0.191748,0.222557,0.191748,0.124778,0.063819,0.028360,0.014973,0.024258,0.054714,0.107209,0.165057,0.191748,0.165057,0.107209,0.054714,0.024258,0.009564,0.015547,0.035237,0.069363,0.107209,0.124778,0.107209,0.069363,0.035237,0.015547,0.004785,0.007809,0.017803,0.035237,0.054714,0.063819,0.054714,0.035237,0.017803,0.007809,0.002076,0.003404,0.007809,0.015547,0.024258,0.028360,0.024258,0.015547,0.007809,0.003404
0.001614,0.002558,0.005622,0.010836,0.016540,0.019175,0.016540,0.010836,0.005622,0.002558,0.002558,0.004044,0.008851,0.017000,0.025875,0.029959,0.025875,0.017000,0.008851,0.004044,0.005622,0.008851,0.019260,0.036801,0.055779,0.064460,0.055779,0.036801,0.019260,0.008851,0.010836,0.017000,0.036801,0.069981,0.105661,0.121891,0.105661,0.069981,0.036801,0.017000,0.016540,0.025875,0.055779,0.105661,0.159023,0.183183,0.159023,0.105661,0.055779,0.025875,0.019175,0.029959,0.064460,0.121891,0.183183,0.210874,0.183183,0.121891,0.064460,0.029959,0.016540,0.025875,0.055779,0.105661,0.159023,0.183183,0.159023,0.105661,0.055779,0.025875,0.010836,0.017000,0.036801,0.069981,0.105661,0.121891,0.105661,0.069981,0.036801,0.017000,0.005622,0.008851,0.019260,0.036801,0.055779,0.064460,0.055779,0.036801,0.019260,0.008851,0.002558,0.004044,0.008851,0.017000,0.025875,0.029959,0.025875,0.017000,0.008851,0.004044
0.002018,0.003094,0.006504,0.012124,0.018090,0.020789,0.018090,0.012124,0.006504,0.003094,0.003094,0.004731,0.009911,0.018417,0.027413,0.031470,0.027413,0.018417,0.009911,0.004731,0.006504,0.009911,0.020654,0.038205,0.056659,0.064941,0.056659,0.038205,0.020654,0.009911,0.012124,0.018417,0.038205,0.070376,0.104028,0.119064,0.104028,0.070376,0.038205,0.018417,0.018090,0.027413,0.056659,0.104028,0.153367,0.175334,0.153367,0.104028,0.056659,0.027413,0.020789,0.031470,0.064941,0.119064,0.175334,0.200346,0.175334,0.119064,0.064941,0.031470,0.018090,0.027413,0.056659,0.104028,0.153367,0.175334,0.153367,0.104028,0.056659,0.027413,0.012124,0.018417,0.038205,0.070376,0.104028,0.119064,0.104028,0.070376,0.038205,0.018417,0.006504,0.009911,0.020654,0.038205,0.056659,0.064941,0.056659,0.038205,0.020654,0.009911,0.003094,0.004731,0.009911,0.018417,0.027413,0.031470,0.027413,0.018417,0.009911,0.004731
0.002474,0.003679,0.007424,0.013419,0.019614,0.022366,0.019614,0.013419,0.007424,0.003679,0.003679,0.005459,0.010981,0.019795,0.028872,0.032895,0.028872,0.019795,0.010981,0.005459,0.007424,0.010981,0.021983,0.039463,0.057377,0.065284,0.057377,0.039463,0.021983,0.010981,0.013419,0.019795,0.039463,0.070585,0.102342,0.116309,0.102342,0.070585,0.039463,0.019795,0.019614,0.028872,0.057377,0.102342,0.148065,0.168119,0.148065,0.102342,0.057377,0.028872,0.022366,0.032895,0.065284,0.116309,0.168119,0.190816,0.168119,0.116309,0.065284,0.032895,0.019614,0.028872,0.057377,0.102342,0.148065,0.168119,0.148065,0.102342,0.057377,0.028872,0.013419,0.019795,0.039463,0.070585,0.102342,0.116309,0.102342,0.070585,0.039463,0.019795,0.007424,0.010981,0.021983,0.039463,0.057377,0.065284,0.057377,0.039463,0.021983,0.010981,0.003679,0.005459,0.010981,0.019795,0.028872,0.032895,0.028872,0.019795,0.010981,0.005459
0.002982,0.004312,0.008375,0.014712,0.021103,0.023898,0.021103,0.014712,0.008375,0.004312,0.004312,0.006226,0.012056,0.021128,0.030252,0.034234,0.030252,0.021128,0.012056,0.006226,0.008375,0.012056,0.023246,0.040587,0.057956,0.065511,0.057956,0.040587,0.023246,0.012056,0.014712,0.021128,0.040587,0.070640,0.100629,0.113636,0.100629,0.070640,0.040587,0.021128,0.021103,0.030252,0.057956,0.100629,0.143092,0.161468,0.143092,0.100629,0.057956,0.030252,0.023898,0.034234,0.065511,0.113636,0.161468,0.182149,0.161468,0.113636,0.065511,0.034234,0.021103,0.030252,0.057956,0.100629,0.143092,0.161468,0.143092,0.100629,0.057956,0.030252,0.014712,0.021128,0.040587,0.070640,0.100629,0.113636,0.100629,0.070640,0.040587,0.021128,0.008375,0.012056,0.023246,0.040587,0.057956,0.065511,0.057956,0.040587,0.023246,0.012056,0.004312,0.006226,0.012056,0.021128,0.030252,0.034234,0.030252,0.021128,0.012056,0.006226
0.003538,0.004990,0.009349,0.015994,0.022552,0.025381,0.022552,0.015994,0.009349,0.004990,0.004990,0.007025,0.013130,0.022413,0.031555,0.035491,0.031555,0.022413,0.013130,0.007025,0.009349,0.013130,0.024444,0.041591,0.058414,0.065637,0.058414,0.041591,0.024444,0.013130,0.015994,0.022413,0.041591,0.070568,0.098909,0.111049,0.098909,0.070568,0.041591,0.022413,0.022552,0.031555,0.058414,0.098909,0.138423,0.155320,0.138423,0.098909,0.058414,0.031555,0.025381,0.035491,0.065637,0.111049,0.155320,0.174237,0.155320,0.111049,0.065637,0.035491,0.022552,0.031555,0.058414,0.098909,0.138423,0.155320,0.138423,0.098909,0.058414,0.031555,0.015994,0.022413,0.041591,0.070568,0.098909,0.111049,0.098909,0.070568,0.041591,0.022413,0.009349,0.013130,0.024444,0.041591,0.058414,0.065637,0.058414,0.041591,0.024444,0.013130,0.004990,0.007025,0.013130,0.022413,0.031555,0.035491,0.031555,0.022413,0.013130,0.007025
0.004142,0.005707,0.010342,0.017260,0.023957,0.026810,0.023957,0.017260,0.010342,0.005707,0.005707,0.007852,0.014197,0.023650,0.032783,0.036668,0.032783,0.023650,0.014197,0.007852,0.010342,0.014197,0.025579,0.042486,0.058768,0.065679,0.058768,0.042486,0.025579,0.014197,0.017260,0.023650,0.042486,0.070392,0.097197,0.108552,0.097197,0.070392,0.042486,0.023650,0.023957,0.032783,0.058768,0.097197,0.134037,0.149622,0.134037,0.097197,0.058768,0.032783,0.026810,0.036668,0.065679,0.108552,0.149622,0.166987,0.149622,0.108552,0.065679,0.036668,0.023957,0.032783,0.058768,0.097197,0.134037,0.149622,0.134037,0.097197,0.058768,0.032783,0.017260,0.023650,0.042486,0.070392,0.097197,0.108552,0.097197,0.070392,0.042486,0.023650,0.010342,0.014197,0.025579,0.042486,0.058768,0.065679,0.058768,0.042486,0.025579,0.014197,0.005707,0.007852,0.014197,0.023650,0.032783,0.036668,0.032783,0.023650,0.014197,0.007852
0.004789,0.006460,0.011346,0.018504,0.025313,0.028182,0.025313,0.018504,0.011346,0.006460,0.006460,0.008703,0.015255,0.024838,0.033938,0.037769,0.033938,0.024838,0.015255,0.008703,0.011346,0.015255,0.026655,0.043284,0.059033,0.065650,0.059033,0.043284,0.026655,0.015255,0.018504,0.024838,0.043284,0.070133,0.095505,0.106147,0.095505,0.070133,0.043284,0.024838,0.025313,0.033938,0.059033,0.095505,0.129914,0.144331,0.129914,0.095505,0.059033,0.033938,0.028182,0.037769,0.065650,0.106147,0.144331,0.160322,0.144331,0.106147,0.065650,0.037769,0.025313,0.033938,0.059033,0.095505,0.129914,0.144331,0.129914,0.095505,0.059033,0.033938,0.018504,0.024838,0.043284,0.070133,0.095505,0.106147,0.095505,0.070133,0.043284,0.024838,0.011346,0.015255,0.026655,0.043284,0.059033,0.065650,0.059033,0.043284,0.026655,0.015255,0.006460,0.008703,0.015255,0.024838,0.033938,0.037769,0.033938,0.024838,0.015255,0.008703
0.005477,0.007246,0.012358,0.019722,0.026618,0.029496,0.026618,0.019722,0.012358,0.007246,0.007246,0.009574,0.016301,0.025976,0.035024,0.038796,0.035024,0.025976,0.016301,0.009574,0.012358,0.016301,0.027672,0.043994,0.059221,0.065559,0.059221,0.043994,0.027672,0.016301,0.019722,0.025976,0.043994,0.069806,0.093841,0.103833,0.093841,0.069806,0.043994,0.025976,0.026618,0.035024,0.059221,0.093841,0.126034,0.139405,0.126034,0.093841,0.059221,0.035024,0.029496,0.038796,0.065559,0.103833,0.139405,0.154174,0.139405,0.103833,0.065559,0.038796,0.026618,0.035024,0.059221,0.093841,0.126034,0.139405,0.126034,0.093841,0.059221,0.035024,0.019722,0.025976,0.043994,0.069806,0.093841,0.103833,0.093841,0.069806,0.043994,0.025976,0.012358,0.016301,0.027672,0.043994,0.059221,0.065559,0.059221,0.043994,0.027672,0.016301,0.007246,0.009574,0.016301,0.025976,0.035024,0.038796,0.035024,0.025976,0.016301,0.009574
0.006203,0.008059,0.013372,0.020911,0.027871,0.030751,0.027871,0.020911,0.013372,0.008059,0.008059,0.010461,0.017330,0.027065,0.036043,0.039754,0.036043,0.027065,0.017330,0.010461,0.013372,0.017330,0.028636,0.044627,0.059343,0.065419,0.059343,0.044627,0.028636,0.017330,0.020911,0.027065,0.044627,0.069426,0.092213,0.101610,0.092213,0.069426,0.044627,0.027065,0.027871,0.036043,0.059343,0.092213,0.122380,0.134811,0.122380,0.092213,0.059343,0.036043,0.030751,0.039754,0.065419,0.101610,0.134811,0.148489,0.134811,0.101610,0.065419,0.039754,0.027871,0.036043,0.059343,0.092213,0.122380,0.134811,0.122380,0.092213,0.059343,0.036043,0.020911,0.027065,0.044627,0.069426,0.092213,0.101610,0.092213,0.069426,0.044627,0.027065,0.013372,0.017330,0.028636,0.044627,0.059343,0.065419,0.059343,0.044627,0.028636,0.017330,0.008059,0.010461,0.017330,0.027065,0.036043,0.039754,0.036043,0.027065,0.017330,0.010461
0.006961,0.008897,0.014385,0.022068,0.029071,0.031945,0.029071,0.022068,0.014385,0.008897,0.008897,0.011360,0.018343,0.028106,0.036998,0.040645,0.036998,0.028106,0.018343,0.011360,0.014385,0.018343,0.029548,0.045190,0.059410,0.065237,0.059410,0.045190,0.029548,0.018343,0.022068,0.028106,0.045190,0.069005,0.090624,0.099476,0.090624,0.069005,0.045190,0.028106,0.029071,0.036998,0.059410,0.090624,0.118935,0.130518,0.118935,0.090624,0.059410,0.036998,0.031945,0.040645,0.065237,0.099476,0.130518,0.143217,0.130518,0.099476,0.065237,0.040645,0.029071,0.036998,0.059410,0.090624,0.118935,0.130518,0.118935,0.090624,0.059410,0.036998,0.022068,0.028106,0.045190,0.069005,0.090624,0.099476,0.090624,0.069005,0.045190,0.028106,0.014385,0.018343,0.029548,0.045190,0.059410,0.065237,0.059410,0.045190,0.029548,0.018343,0.008897,0.011360,0.018343,0.028106,0.036998,0.040645,0.036998,0.028106,0.018343,0.011360
0.007750,0.009754,0.015393,0.023190,0.030216,0.033081,0.030216,0.023190,0.015393,0.009754,0.009754,0.012268,0.019336,0.029100,0.037892,0.041474,0.037892,0.029100,0.019336,0.012268,0.015393,0.019336,0.030411,0.045691,0.059428,0.065020,0.059428,0.045691,0.030411,0.019336,0.023190,0.029100,0.045691,0.068551,0.089079,0.097429,0.089079,0.068551,0.045691,0.029100,0.030216,0.037892,0.059428,0.089079,0.115684,0.126500,0.115684,0.089079,0.059428,0.037892,0.033081,0.041474,0.065020,0.097429,0.126500,0.138317,0.126500,0.097429,0.065020,0.041474,0.030216,0.037892,0.059428,0.089079,0.115684,0.126500,0.115684,0.089079,0.059428,0.037892,0.023190,0.029100,0.045691,0.068551,0.089079,0.097429,0.089079,0.068551,0.045691,0.029100,0.015393,0.019336,0.030411,0.045691,0.059428,0.065020,0.059428,0.045691,0.030411,0.019336,0.009754,0.012268,0.019336,0.029100,0.037892,0.041474,0.037892,0.029100,0.019336,0.012268
0.008564,0.010628,0.016393,0.024277,0.031309,0.034157,0.031309,0.024277,0.016393,0.010628,0.010628,0.013181,0.020308,0.030048,0.038729,0.042244,0.038729,0.030048,0.020308,0.013181,0.016393,0.020308,0.031230,0.046137,0.059406,0.064775,0.059406,0.046137,0.031230,0.020308,0.024277,0.030048,0.046137,0.068074,0.087580,0.095467,0.087580,0.068074,0.046137,0.030048,0.031309,0.038729,0.059406,0.087580,0.112615,0.122734,0.112615,0.087580,0.059406,0.038729,0.034157,0.042244,0.064775,0.095467,0.122734,0.133752,0.122734,0.095467,0.064775,0.042244,0.031309,0.038729,0.059406,0.087580,0.112615,0.122734,0.112615,0.087580,0.059406,0.038729,0.024277,0.030048,0.046137,0.068074,0.087580,0.095467,0.087580,0.068074,0.046137,0.030048,0.016393,0.020308,0.031230,0.046137,0.059406,0.064775,0.059406,0.046137,0.031230,0.020308,0.010628,0.013181,0.020308,0.030048,0.038729,0.042244,0.038729,0.030048,0.020308,0.013181
0.009400,0.011514,0.017382,0.025328,0.032348,0.035176,0.032348,0.025328,0.017382,0.011514,0.011514,0.014096,0.021259,0.030952,0.039511,0.042958,0.039511,0.030952,0.021259,0.014096,0.017382,0.021259,0.032006,0.046535,0.059349,0.064506,0.059349,0.046535,0.032006,0.021259,0.025328,0.030952,0.046535,0.067581,0.086128,0.093588,0.086128,0.067581,0.046535,0.030952,0.032348,0.039511,0.059349,0.086128,0.109714,0.119197,0.109714,0.086128,0.059349,0.039511,0.035176,0.042958,0.064506,0.093588,0.119197,0.129492,0.119197,0.093588,0.064506,0.042958,0.032348,0.039511,0.059349,0.086128,0.109714,0.119197,0.109714,0.086128,0.059349,0.039511,0.025328,0.030952,0.046535,0.067581,0.086128,0.093588,0.086128,0.067581,0.046535,0.030952,0.017382,0.021259,0.032006,0.046535,0.059349,0.064506,0.059349,0.046535,0.032006,0.021259,0.011514,0.014096,0.021259,0.030952,0.039511,0.042958,0.039511,0.030952,0.021259,0.014096
0.010254,0.012410,0.018359,0.026342,0.033336,0.036139,0.033336,0.026342,0.018359,0.012410,0.012410,0.015012,0.022188,0.031814,0.040242,0.043620,0.040242,0.031814,0.022188,0.015012,0.018359,0.022188,0.032743,0.046889,0.059264,0.064220,0.059264,0.046889,0.032743,0.022188,0.026342,0.031814,0.046889,0.067076,0.084724,0.091788,0.084724,0.067076,0.046889,0.031814,0.033336,0.040242,0.059264,0.084724,0.106970,0.115872,0.106970,0.084724,0.059264,0.040242,0.036139,0.043620,0.064220,0.091788,0.115872,0.125508,0.115872,0.091788,0.064220,0.043620,0.033336,0.040242,0.059264,0.084724,0.106970,0.115872,0.106970,0.084724,0.059264,0.040242,0.026342,0.031814,0.046889,0.067076,0.084724,0.091788,0.084724,0.067076,0.046889,0.031814,0.018359,0.022188,0.032743,0.046889,0.059264,0.064220,0.059264,0.046889,0.032743,0.022188,0.012410,0.015012,0.022188,0.031814,0.040242,0.043620,0.040242,0.031814,0.022188,0.015012
0.011123,0.013312,0.019320,0.027319,0.034273,0.037048,0.034273,0.027319,0.019320,0.013312,0.013312,0.015925,0.023094,0.032634,0.040925,0.044232,0.040925,0.032634,0.023094,0.015925,0.019320,0.023094,0.033443,0.047205,0.059155,0.063919,0.059155,0.047205,0.033443,0.023094,0.027319,0.032634,0.047205,0.066566,0.083368,0.090064,0.083368,0.066566,0.047205,0.032634,0.034273,0.040925,0.059155,0.083368,0.104373,0.112741,0.104373,0.083368,0.059155,0.040925,0.037048,0.044232,0.063919,0.090064,0.112741,0.121775,0.112741,0.090064,0.063919,0.044232,0.034273,0.040925,0.059155,0.083368,0.104373,0.112741,0.104373,0.083368,0.059155,0.040925,0.027319,0.032634,0.047205,0.066566,0.083368,0.090064,0.083368,0.066566,0.047205,0.032634,0.019320,0.023094,0.033443,0.047205,0.059155,0.063919,0.059155,0.047205,0.033443,0.023094,0.013312,0.015925,0.023094,0.032634,0.040925,0.044232,0.040925,0.032634,0.023094,0.015925
0.012004,0.014218,0.020266,0.028259,0.035161,0.037904,0.035161,0.028259,0.020266,0.014218,0.014218,0.016834,0.023977,0.033415,0.041562,0.044798,0.041562,0.033415,0.023977,0.016834,0.020266,0.023977,0.034109,0.047486,0.059025,0.063607,0.059025,0.047486,0.034109,0.023977,0.028259,0.033415,0.047486,0.066054,0.082061,0.088415,0.082061,0.066054,0.047486,0.033415,0.035161,0.041562,0.059025,0.082061,0.101913,0.109791,0.101913,0.082061,0.059025,0.041562,0.037904,0.044798,0.063607,0.088415,0.109791,0.118274,0.109791,0.088415,0.063607,0.044798,0.035161,0.041562,0.059025,0.082061,0.101913,0.109791,0.101913,0.082061,0.059025,0.041562,0.028259,0.033415,0.047486,0.066054,0.082061,0.088415,0.082061,0.066054,0.047486,0.033415,0.020266,0.023977,0.034109,0.047486,0.059025,0.063607,0.059025,0.047486,0.034109,0.023977,0.014218,0.016834,0.023977,0.033415,0.041562,0.044798,0.041562,0.033415,0.023977,0.016834
0.012894,0.015125,0.021194,0.029163,0.036002,0.038709,0.036002,0.029163,0.021194,0.015125,0.015125,0.017736,0.024837,0.034159,0.042156,0.045321,0.042156,0.034159,0.024837,0.017736,0.021194,0.024837,0.034742,0.047738,0.058879,0.063287,0.058879,0.047738,0.034742,0.024837,0.029163,0.034159,0.047738,0.065543,0.080801,0.086836,0.080801,0.065543,0.047738,0.034159,0.036002,0.042156,0.058879,0.080801,0.099581,0.107007,0.099581,0.080801,0.058879,0.042156,0.038709,0.045321,0.063287,0.086836,0.107007,0.114983,0.107007,0.086836,0.063287,0.045321,0.036002,0.042156,0.058879,0.080801,0.099581,0.107007,0.099581,0.080801,0.058879,0.042156,0.029163,0.034159,0.047738,0.065543,0.080801,0.086836,0.080801,0.065543,0.047738,0.034159,0.021194,0.024837,0.034742,0.047738,0.058879,0.063287,0.058879,0.047738,0.034742,0.024837,0.015125,0.017736,0.024837,0.034159,0.042156,0.045321,0.042156,0.034159,0.024837,0.017736
0.013788,0.016029,0.022103,0.030032,0.036797,0.039466,0.036797,0.030032,0.022103,0.016029,0.016029,0.018629,0.025674,0.034867,0.042710,0.045804,0.042710,0.034867,0.025674,0.018629,0.022103,0.025674,0.035346,0.047962,0.058719,0.062961,0.058719,0.047962,0.035346,0.025674,0.030032,0.034867,0.047962,0.065036,0.079588,0.085324,0.079588,0.065036,0.047962,0.034867,0.036797,0.042710,0.058719,0.079588,0.097369,0.104378,0.097369,0.079588,0.058719,0.042710,0.039466,0.045804,0.062961,0.085324,0.104378,0.111887,0.104378,0.085324,0.062961,0.045804,0.036797,0.042710,0.058719,0.079588,0.097369,0.104378,0.097369,0.079588,0.058719,0.042710,0.030032,0.034867,0.047962,0.065036,0.079588,0.085324,0.079588,0.065036,0.047962,0.034867,0.022103,0.025674,0.035346,0.047962,0.058719,0.062961,0.058719,0.047962,0.035346,0.025674,0.016029,0.018629,0.025674,0.034867,0.042710,0.045804,0.042710,0.034867,0.025674,0.018629
0.014686,0.016930,0.022993,0.030865,0.037549,0.040177,0.037549,0.030865,0.022993,0.016930,0.016930,0.019513,0.026487,0.035541,0.043226,0.046249,0.043226,0.035541,0.026487,0.019513,0.022993,0.026487,0.035921,0.048163,0.058549,0.062632,0.058549,0.048163,0.035921,0.026487,0.030865,0.035541,0.048163,0.064535,0.078420,0.083878,0.078420,0.064535,0.048163,0.035541,0.037549,0.043226,0.058549,0.078420,0.095269,0.101891,0.095269,0.078420,0.058549,0.043226,0.040177,0.046249,0.062632,0.083878,0.101891,0.108971,0.101891,0.083878,0.062632,0.046249,0.037549,0.043226,0.058549,0.078420,0.095269,0.101891,0.095269,0.078420,0.058549,0.043226,0.030865,0.035541,0.048163,0.064535,0.078420,0.083878,0.078420,0.064535,0.048163,0.035541,0.022993,0.026487,0.035921,0.048163,0.058549,0.062632,0.058549,0.048163,0.035921,0.026487,0.016930,0.019513,0.026487,0.035541,0.043226,0.046249,0.043226,0.035541,0.026487,0.019513
0.015583,0.017825,0.023863,0.031665,0.038258,0.040844,0.038258,0.031665,0.023863,0.017825,0.017825,0.020386,0.027278,0.036183,0.043707,0.046658,0.043707,0.036183,0.027278,0.020386,0.023863,0.027278,0.036470,0.048342,0.058369,0.062301,0.058369,0.048342,0.036470,0.027278,0.031665,0.036183,0.048342,0.064042,0.077297,0.082494,0.077297,0.064042,0.048342,0.036183,0.038258,0.043707,0.058369,0.077297,0.093276,0.099539,0.093276,0.077297,0.058369,0.043707,0.040844,0.046658,0.062301,0.082494,0.099539,0.106220,0.099539,0.082494,0.062301,0.046658,0.038258,0.043707,0.058369,0.077297,0.093276,0.099539,0.093276,0.077297,0.058369,0.043707,0.031665,0.036183,0.048342,0.064042,0.077297,0.082494,0.077297,0.064042,0.048342,0.036183,0.023863,0.027278,0.036470,0.048342,0.058369,0.062301,0.058369,0.048342,0.036470,0.027278,0.017825,0.020386,0.027278,0.036183,0.043707,0.046658,0.043707,0.036183,0.027278,0.020386
0.016479,0.018713,0.024712,0.032431,0.038927,0.041469,0.038927,0.032431,0.024712,0.018713,0.018713,0.021246,0.028045,0.036794,0.044155,0.047035,0.044155,0.036794,0.028045,0.021246,0.024712,0.028045,0.036994,0.048502,0.058183,0.061970,0.058183,0.048502,0.036994,0.028045,0.032431,0.036794,0.048502,0.063558,0.076218,0.081169,0.076218,0.063558,0.048502,0.036794,0.038927,0.044155,0.058183,0.076218,0.091381,0.097310,0.091381,0.076218,0.058183,0.044155,0.041469,0.047035,0.061970,0.081169,0.097310,0.103622,0.097310,0.081169,0.061970,0.047035,0.038927,0.044155,0.058183,0.076218,0.091381,0.097310,0.091381,0.076218,0.058183,0.044155,0.032431,0.036794,0.048502,0.063558,0.076218,0.081169,0.076218,0.063558,0.048502,0.036794,0.024712,0.028045,0.036994,0.048502,0.058183,0.061970,0.058183,0.048502,0.036994,0.028045,0.018713,0.021246,0.028045,0.036794,0.044155,0.047035,0.044155,0.036794,0.028045,0.021246
0.017370,0.019591,0.025540,0.033166,0.039559,0.042054,0.039559,0.033166,0.025540,0.019591,0.019591,0.022092,0.028790,0.037375,0.044572,0.047381,0.044572,0.037375,0.028790,0.022092,0.025540,0.028790,0.037494,0.048646,0.057992,0.061640,0.057992,0.048646,0.037494,0.028790,0.033166,0.037375,0.048646,0.063084,0.075181,0.079901,0.075181,0.063084,0.048646,0.037375,0.039559,0.044572,0.057992,0.075181,0.089580,0.095198,0.089580,0.075181,0.057992,0.044572,0.042054,0.047381,0.061640,0.079901,0.095198,0.101167,0.095198,0.079901,0.061640,0.047381,0.039559,0.044572,0.057992,0.075181,0.089580,0.095198,0.089580,0.075181,0.057992,0.044572,0.033166,0.037375,0.048646,0.063084,0.075181,0.079901,0.075181,0.063084,0.048646,0.037375,0.025540,0.028790,0.037494,0.048646,0.057992,0.061640,0.057992,0.048646,0.037494,0.028790,0.019591,0.022092,0.028790,0.037375,0.044572,0.047381,0.044572,0.037375,0.028790,0.022092
0.018255,0.020458,0.026347,0.033869,0.040154,0.042602,0.040154,0.033869,0.026347,0.020458,0.020458,0.022924,0.029513,0.037929,0.044960,0.047698,0.044960,0.037929,0.029513,0.022924,0.026347,0.029513,0.037973,0.048775,0.057798,0.061312,0.057798,0.048775,0.037973,0.029513,0.033869,0.037929,0.048775,0.062621,0.074184,0.078687,0.074184,0.062621,0.048775,0.037929,0.040154,0.044960,0.057798,0.074184,0.087867,0.093195,0.087867,0.074184,0.057798,0.044960,0.042602,0.047698,0.061312,0.078687,0.093195,0.098844,0.093195,0.078687,0.061312,0.047698,0.040154,0.044960,0.057798,0.074184,0.087867,0.093195,0.087867,0.074184,0.057798,0.044960,0.033869,0.037929,0.048775,0.062621,0.074184,0.078687,0.074184,0.062621,0.048775,0.037929,0.026347,0.029513,0.037973,0.048775,0.057798,0.061312,0.057798,0.048775,0.037973,0.029513,0.020458,0.022924,0.029513,0.037929,0.044960,0.047698,0.044960,0.037929,0.029513,0.022924
0.019132,0.021314,0.027133,0.034542,0.040714,0.043114,0.040714,0.034542,0.027133,0.021314,0.021314,0.023741,0.030215,0.038456,0.045320,0.047989,0.045320,0.038456,0.030215,0.023741,0.027133,0.030215,0.038432,0.048891,0.057601,0.060987,0.057601,0.048891,0.038432,0.030215,0.034542,0.038456,0.048891,0.062171,0.073227,0.077525,0.073227,0.062171,0.048891,0.038456,0.040714,0.045320,0.057601,0.073227,0.086237,0.091293,0.086237,0.073227,0.057601,0.045320,0.043114,0.047989,0.060987,0.077525,0.091293,0.096645,0.091293,0.077525,0.060987,0.047989,0.040714,0.045320,0.057601,0.073227,0.086237,0.091293,0.086237,0.073227,0.057601,0.045320,0.034542,0.038456,0.048891,0.062171,0.073227,0.077525,0.073227,0.062171,0.048891,0.038456,0.027133,0.030215,0.038432,0.048891,0.057601,0.060987,0.057601,0.048891,0.038432,0.030215,0.021314,0.023741,0.030215,0.038456,0.045320,0.047989,0.045320,0.038456,0.030215,0.023741
0.020000,0.022156,0.027898,0.035187,0.041242,0.043593,0.041242,0.035187,0.027898,0.022156,0.022156,0.024542,0.030894,0.038958,0.045656,0.048256,0.045656,0.038958,0.030894,0.024542,0.027898,0.030894,0.038870,0.048995,0.057402,0.060666,0.057402,0.048995,0.038870,0.030894,0.035187,0.038958,0.048995,0.061732,0.072309,0.076413,0.072309,0.061732,0.048995,0.038958,0.041242,0.045656,0.057402,0.072309,0.084684,0.089487,0.084684,0.072309,0.057402,0.045656,0.043593,0.048256,0.060666,0.076413,0.089487,0.094560,0.089487,0.076413,0.060666,0.048256,0.041242,0.045656,0.057402,0.072309,0.084684,0.089487,0.084684,0.072309,0.057402,0.045656,0.035187,0.038958,0.048995,0.061732,0.072309,0.076413,0.072309,0.061732,0.048995,0.038958,0.027898,0.030894,0.038870,0.048995,0.057402,0.060666,0.057402,0.048995,0.038870,0.030894,0.022156,0.024542,0.030894,0.038958,0.045656,0.048256,0.045656,0.038958,0.030894,0.024542
